Cpptraj Generated trajectory                                                    
  53.119  59.494  46.257  51.767  59.463  46.970  50.842  58.514  46.686  49.904
  58.574  47.775  48.734  57.676  47.939  47.917  57.836  48.833  48.597  56.552
  46.938  47.591  55.583  47.331  47.616  54.363  46.736  47.804  54.214  45.330
  47.814  53.008  44.736  47.496  51.836  45.425  47.322  50.713  44.671  46.979
  49.384  45.041  46.671  49.109  46.219  47.195  48.313  43.996  47.575  48.578
  42.722  47.655  47.318  42.036  47.342  46.409  43.047  46.997  46.947  44.265
  47.304  51.928  46.820  47.313  53.215  47.487  50.234  59.672  48.666  49.533
  60.226  49.903  51.342  60.304  48.078  51.929  61.615  48.536  53.141  58.779
  45.425  53.343  60.510  45.910  53.897  59.093  46.919  50.918  57.722  45.949
  48.445  56.948  45.926  49.525  55.969  46.981  48.073  55.112  44.782  47.813
  52.969  43.651  47.777  50.881  43.782  47.642  49.564  42.279  47.751  47.085
  40.982  47.252  45.332  42.994  46.982  51.060  47.389  47.096  53.231  48.551
  48.699  59.582  50.208  50.113  60.432  50.811  49.139  61.218  49.651  51.659
  61.735  49.593  53.024  61.562  48.520  51.457  62.404  47.937
  52.552  58.986  46.582  51.400  59.217  47.547  50.145  58.642  47.427  49.370
  59.160  48.456  47.902  58.716  48.694  47.246  59.376  49.453  47.242  57.557
  47.930  47.642  56.304  48.401  47.650  55.141  47.689  47.437  55.098  46.271
  47.703  53.913  45.551  47.941  52.693  46.260  47.936  51.533  45.448  47.997
  50.172  45.734  48.084  49.714  46.851  47.945  49.320  44.477  47.916  49.795
  43.201  47.738  48.674  42.321  47.675  47.593  43.229  47.868  47.939  44.489
  47.987  52.666  47.676  47.921  53.875  48.313  50.067  60.168  49.113  49.498
  60.985  50.276  51.367  60.194  48.519  52.454  61.072  48.966  52.851  59.982
  46.233  53.377  58.521  47.135  52.338  58.286  45.765  49.854  57.979  46.621
  46.148  57.517  48.005  47.399  57.753  46.862  47.138  55.912  45.616  47.709
  53.950  44.466  47.931  51.721  44.453  47.906  50.810  42.819  47.587  48.639
  41.248  47.421  46.559  43.037  48.275  51.774  48.225  48.083  53.877  49.387
  50.338  61.551  50.696  48.842  61.757  49.855  48.896  60.465  51.032  53.140
  61.179  48.116  52.140  62.082  49.259  52.993  60.565  49.776
  52.248  58.712  47.163  50.746  58.657  47.675  49.873  57.652  47.294  48.620
  57.832  47.995  47.361  57.073  47.776  46.320  57.442  48.341  47.283  56.069
  46.581  47.621  54.792  47.071  47.452  53.634  46.430  47.259  53.566  45.052
  47.084  52.350  44.442  47.051  51.114  45.207  46.812  49.847  44.567  46.210
  48.652  45.054  45.904  48.532  46.242  46.060  47.618  44.023  46.614  47.707
  42.744  46.288  46.539  42.058  45.458  45.926  42.955  45.233  46.523  44.186
  47.169  51.172  46.612  47.429  52.441  47.148  48.742  59.033  48.731  47.729
  59.618  49.661  50.078  59.412  48.656  50.733  60.517  49.372  52.922  59.365
  47.731  52.764  57.746  47.217  52.239  58.987  46.101  50.084  56.908  46.534
  46.248  56.077  46.217  48.045  56.292  45.824  47.407  54.445  44.432  46.984
  52.242  43.366  47.112  49.720  43.608  47.362  48.388  42.354  46.705  46.169
  41.128  44.960  44.966  42.904  47.163  50.294  47.251  47.363  52.573  48.224
  46.963  60.177  49.109  47.318  58.876  50.358  48.159  60.388  50.314  50.921
  61.380  48.722  50.147  60.686  50.284  51.682  60.086  49.714
  52.808  60.299  45.763  51.605  59.896  46.543  50.873  58.781  46.275  49.810
  58.669  47.158  48.809  57.521  47.187  47.907  57.346  48.004  49.057  56.572
  46.006  48.030  55.480  46.102  48.241  54.217  45.579  48.829  54.005  44.328
  48.968  52.744  43.763  48.379  51.674  44.422  48.455  50.458  43.741  47.922
  49.186  44.070  47.560  48.938  45.226  47.874  48.285  42.949  48.423  48.589
  41.666  48.221  47.453  40.823  47.548  46.589  41.700  47.336  47.026  43.003
  47.697  51.838  45.583  47.617  53.122  46.224  49.854  59.734  48.023  48.840
  60.076  49.062  50.937  60.543  47.625  51.489  61.628  48.428  52.673  61.030
  44.956  53.582  60.647  46.457  53.140  59.366  45.291  51.050  58.172  45.396
  48.952  57.077  45.037  50.081  56.184  46.061  49.150  54.907  43.816  49.439
  52.646  42.789  48.698  50.650  42.776  48.811  49.541  41.322  48.411  47.432
  39.756  47.149  45.622  41.425  47.109  51.094  46.112  47.101  53.298  47.163
  49.262  59.868  50.053  48.477  61.109  49.009  47.947  59.440  49.031  51.111
  61.570  49.456  52.583  61.573  48.371  51.021  62.521  47.995
