Run semi-empirical minimization
 &qmmm
    qm_theory='AM1', grms_tol=0.0005,
 scfconv=1.d-10, ndiis_attempts=700,   qmcharge=2,
 /
   8    O1        2.4840        8.7480       17.1590 
   6    C1        2.0780        8.7450       18.3040 
   7    N1        2.3530        7.7670       19.2700 
   6    C2        3.1680        6.6110       19.0870 
   6    C3        2.9170        5.4170       19.7690 
   6    C4        3.7260        4.3130       19.5380 
   6    C5        4.7790        4.3910       18.6380 
   6    C6        5.0420        5.5780       17.9470 
   6    C7        6.1700        5.7060       16.9090 
   6    C8        7.1500        6.7430       17.4260 
   7    N2        7.3910        7.8820       16.8340 
   7    N3        8.3220        8.5470       17.6110 
   6    C9        8.5940        7.7770       18.6280 
   7    N4        7.8930        6.6420       18.5610 
   6   C10        7.9350        5.5500       19.5240 
   6   C11        5.5910        5.9900       15.4740 
   6   C12        5.7010        4.4630       15.2040 
   6   C13        6.1370        4.0170       13.8120 
   6   C14        6.7730        4.4220       16.3270 
   6   C15        4.2300        6.6800       18.1870 
   6   C16        1.7030        8.0480       20.5510 
   6   C17        0.9670        9.3250       20.2640 
   6   C18        0.1150       10.0730       21.0810 
   6   C19       -0.2300        9.6130       22.4660 
   6   C20       -0.4480       11.2470       20.5700 
   6   C21       -0.2160       11.6600       19.2470 
   6   C22       -0.9610       12.8370       18.6700 
   7    N5       -2.3040       12.4710       18.0660 
   6   C23       -2.2150       11.4980       16.9230 
   6   C24       -3.5540       11.2470       16.2550 
   6   C25       -3.4240       10.2440       15.1160 
   6   C26       -4.5790       10.7990       17.2960 
   6   C27       -4.6700       11.7860       18.4600 
   6   C28       -3.3120       12.0150       19.0930 
   6   C29        0.6300       10.8930       18.4490 
   6   C30        1.1930        9.7310       18.9630 
   9    F1        0.8200        9.4190       23.1830 
   9    F2       -0.9780       10.4690       23.0730 
   9    F3       -0.8440        8.4650       22.4830 
   1    H1        2.0840        5.3530       20.4840 
   1    H2        3.5310        3.3710       20.0720 
   1    H3        5.4140        3.5090       18.4660 
   1    H4        6.9690        8.2200       15.9570 
   1    H5        9.3030        8.0280       19.4310 
   1    H6        7.9190        5.9600       20.5440 
   1    H7        7.0610        4.8980       19.3770 
   1    H8        8.8560        4.9670       19.3770 
   1    H9        4.5650        6.3850       15.4630 
   1   H10        6.0470        6.7310       14.8020 
   1   H11        4.8140        3.8130       15.2200 
   1   H12        6.9030        3.2330       13.9020 
   1   H13        5.2690        3.6200       13.2650 
   1   H14        6.5530        4.8760       13.2650 
   1   H15        7.8080        4.5290       15.9700 
   1   H16        6.9060        3.5260       16.9510 
   1   H17        4.4290        7.6230       17.6570 
   1   H18        1.0080        7.2420       20.8300 
   1   H19        2.4060        8.1250       21.3940 
   1   H20       -1.0880       11.8620       21.2200 
   1   H21       -1.1290       13.5690       19.4730 
   1   H22       -0.3420       13.2420       17.8560 
   1   H23       -2.6500       13.3560       17.6680 
   1   H24       -1.5190       11.9010       16.1730 
   1   H25       -1.8660       10.5390       17.3330 
   1   H26       -3.9090       12.1870       15.8080 
   1   H27       -3.2930        9.2330       15.5300 
   1   H28       -4.3330       10.2720       14.4980 
   1   H29       -2.5520       10.5020       14.4980 
   1   H30       -5.5650       10.7230       16.8150 
   1   H31       -4.2590        9.8250       17.6960 
   1   H32       -5.0580       12.7450       18.0870 
   1   H33       -5.3420       11.3650       19.2220 
   1   H34       -2.9630       11.0750       19.5460 
   1   H35       -3.4110       12.7990       19.8580 
   1   H36        0.8510       11.2050       17.4180 

